79000021113
79000102515
79000109359
79000158400
79000167777
79000197050
79000219113
79000236841
79000509883
79000531961
79000550712
79000729800
79000751802
79000965838
79001040590
79001106562
79001157533
79001202121
79001204614
79001207643
79001237370
79001309783
79001326167
79001360789
79001397449
79001537795
79001550667
79001556495
79001611414
79002205126
79002213363
79002289455
79002499772
79002520952
79002556722
79002639393
79002700993
79002835602
79003131609
79003159094
79003161788
79003203502
79003215535
79003220927
79003232020
79003348229
79003564760
79003655232
79003683841
79003685701
79004099719
79004151412
79004338311
79004625823
79004687940
79004720485
79004751812
79004806476
79004807769
79004870115
79004892142
79004900120
79005019377
79005115573
79005135930
79005366344
79005371644
79005460324
79005464934
79005562228
79005568379
79005696637
79005706565
79005710385
79005827406
79005998522
79006006244
79006015394
79006076613
79006207326
79006216516
79006322418
79006362800
79006397388
79006477769
79006479527
79006555062
79006558261
79006733232
79006759024
79006772992
79006795645
79009127440
79009182194
79009324691
79009330124
79009337052
79009413815
79009502035
79009532349
79009542092
79009590420
79009644220
79009893981
79010323834
79010369634
79010372185
79010403842
79010455230
79010470160
79010481240
79010516685
79010524032
79010530135
79010806004
79010843236
79010859714
79010895776
79010923079
79011122454
79011142858
79011203652
79011214107
79011236104
79011253176
79011362190
79011365846
79011490428
79011564210
79011703097
79011712881
79011762083
79011780186
79011791234
79011801722
79011804368
79011817931
79011845722
79011903639
79011911080
79011942385
79011956052
79011970086
79012075738
79012083117
79012209061
79012761640
79012773133
79012786399
79012800852
79012842578
79012855266
79012870829
79012893204
79012897833
79013386750
79013390926
79013514436
79013546905
79013686018
79014015110
79014063201
79014281778
79014869337
79014908064
79014968213
79015058018
79015207469
79015273764
79015339857
79015391163
79015572096
79015705217
79015934032
79015979664
79016125003
79016131738
79016329640
79016340077
79016411216
79016501609
79016521058
79016637078
79016645572
79016734434
79016755686
79016758567
79016794355
79016813476
79016844561
79016858727
79016893914
79016899661
79016904643
79016921123
79016934431
79016935695
79017018997
79017068456
79017246144
79017249877
79017318524
79017482327
79017484821
79017537462
79017580210
79017616200
79017783864
79017787216
79017870698
79017940070
79018053975
79018063440
79018534203
79018551802
79018565049
79018605829
79018657817
79018941752
79018970836
79019025428
79019238983
79019403144
79019854421
79020120746
79020127346
79020433680
79020460925
79020494106
79021011916
79021012948
79021060557
79021228331
79021291425
79021329701
79021437196
79021450997
79021613995
79021649127
79021670126
79021699059
79021712363
79021740308
79021790323
79021883536
79021885142
79021888353
79021928010
79021950169
79022151780
79022184309
79022311986
79022317941
79022354506
79022445659
79022499090
79022533172
79022626046
79022718153
79022743701
79022775850
79022831174
79022833642
79022836215
79022847548
79023083951
79023264831
79023815517
79023919690
79024169386
79024179881
79024183987
79024250068
79024341283
79024458920
79024471252
79024498942
79024520376
79024562114
79024679724
79024722755
79024742983
79024760396
79024784801
79024896230
79025038016
79025042055
79025165648
79025310613
79025321334
79025350487
79025479113
79025604530
79025619875
79025646542
79025650412
79025675544
79025693168
79025757080
79025816634
79026161641
79026174727
79026237865
79026242877
79026444675
79026450939
79026478474
79026590159
79026596088
79026702136
79026708124
79026749726
79026850665
79026973231
79027041059
79027090131
79027222649
79027395764
79027404600
79027427509
79027520850
79027548950
79027592501
79027602785
79027647867
79027836590
79027925852
79027947324
79028062818
79028132420
79028163077
79028330239
79028366303
79028456847
79028624984
79028814577
79029240004
79029331008
79029344741
79029483422
79029614042
79029624246
79029728343
79029924392
79029991640
79031354712
79031499278
79033261042
79035199280
79035432171
79035454221
79035754910
79036164627
79037085460
79037397081
79037787814
79037829690
79038894757
79040067299
79040097668
79040136962
79040153926
79040164304
79040180787
79040281312
79040300876
79040406493
79040442316
79040505420
79040509476
79040626196
79040633925
79040650572
79040712435
79040986614
79040995786
79041022900
79041098670
79041194193
79041231478
79041328010
79041445178
79041470477
79041485912
79041499468
79041529402
79041539391
79041548318
79041597999
79041916176
79041989040
79042115073
79042146977
79042232140
79042273644
79042301869
79042303689
79042328199
79042364714
79042517993
79042561284
79042566975
79042572863
79042601359
79042602281
79042852297
79042989000
79043116663
79043143138
79043439562
79043481489
79043521200
79043531675
79043577930
79043766517
79043790080
79043975138
79044136125
79044146584
79044149883
79044182677
79044246354
79044280731
79044318680
79044378640
79044394957
79044439831
79044538116
79044596376
79044937095
79045029941
79045080497
79045108408
79045396597
79045412313
79045527667
79045566756
79045790495
79045876695
79046041441
79046089060
79046140777
79046179297
79046346935
79046377829
79046379314
79046386235
79046390973
79046602356
79046622443
79046631141
79046637887
79046669153
79046756193
79046758429
79046940477
79047556839
79047629070
79047639056
79047710819
79047743440
79047777901
79047970457
79048020397
79048056738
79048094793
79048149786
79048230926
79048496244
79048542519
79048597862
79048775002
79048899945
79048907036
79048919574
79049005724
79049048628
79049212106
79049241874
79049268040
79049289580
79049407023
79049498885
79049605438
79049635171
79049653295
79049653560
79049720771
79050566669
79050628551
79051545452
79052578863
79056831262
79058029416
79060687374
79061910608
79067241233
79067477487
79067907855
79068049439
79080042248
79080121998
79080240538
79080277097
79080283381
79080365446
79080379738
79080703877
79080851664
79080890716
79081023656
79081042266
79081059923
79081102602
79081103194
79081204448
79081213804
79081311000
79081326892
79081339520
79081390631
79081404942
79081441624
79081445221
79081484153
79081502251
79081527229
79081532133
79081547543
79081879371
79082033141
79082140702
79082300230
79082307209
79082308464
79082362865
79082440295
79082554889
79082584904
79082633133
79082680871
79082689905
79082771373
79082795544
79083030960
79083035957
79083043817
79083072972
79083134635
79083194181
79083198872
79084721486
79084779745
79084782978
79084903259
79085020942
79085128603
79085500253
79085515782
79085518318
79085518724
79085527486
79085528608
79085539887
79085716526
79085732123
79085752669
79085775618
79085801836
79085808706
79085904213
79085910355
79085928293
79085930624
79085972304
79085984268
79085990652
79085992806
79086568637
79086619594
79086661496
79086669523
79086698699
79086804375
79086820447
79086847090
79086866608
79086870547
79086904399
79087210892
79087260575
79087290893
79087343092
79087374973
79087480535
79087564544
79087600932
79087824424
79087842934
79087912200
79087947667
79088121327
79088321564
79088773545
79088880148
79088996613
79089383896
79089480176
79089568079
79089581664
79093323468
79093395694
79099594579
79101214979
79103994232
79112348027
79113404241
79115779626
79117594418
79117609632
79117670826
79117751611
79118227337
79124042278
79124190549
79124333366
79124605849
79125054148
79127566857
79129288367
79132599839
79139625318
79140147778
79140213180
79146635521
79150377580
79151020502
79151253728
79152005557
79152328119
79152614813
79152879105
79153357995
79160321515
79160768877
79161679657
79162304730
79162822648
79162853101
79164122425
79165455219
79166099145
79166675123
79168791640
79169886163
79169959859
79175292250
79178788675
79189481229
79192103596
79196566656
79196651585
79201055576
79203086555
79203624473
79203728103
79209436203
79211500905
79217412198
79217529206
79217919506
79217959268
79218909440
79220582589
79221624004
79222173378
79222622967
79225179157
79233552923
79245512120
79250945981
79251089196
79251345663
79252211867
79254230536
79254972565
79255214214
79258048261
79258306681
79260010264
79260147301
79260616710
79260763875
79261299187
79261670608
79262674806
79262697588
79263559799
79264350473
79264610794
79267034445
79267037679
79268109436
79268200766
79268246965
79269051285
79269613193
79269676015
79272511906
79273603602
79279033080
79279885280
79290027879
79291045987
79295059276
79295078702
79296918610
79301125664
79308335015
79309181005
79309217408
79309246056
79309257115
79309280802
79309435755
79309650140
79312055514
79314108159
79325549535
79372185923
79372688428
79373946174
79376738767
79377032412
79500015445
79500032825
79500037585
79500202111
79500207167
79500295323
79500413681
79500417169
79500535739
79500630114
79500689957
79500699854
79500799452
79500906308
79500916268
79500945278
79500990507
79500995072
79501049820
79501209671
79501222715
79501258003
79501261956
79501404608
79501451138
79501496183
79501535190
79501600865
79501609635
79501680531
79501727824
79501771208
79501796504
79501808403
79501827739
79501852395
79501879100
79501881681
79502117844
79502152114
79502180471
79502189739
79502291716
79502482874
79502517794
79502585140
79502612713
79502703949
79502823563
79502849588
79502870825
79502877938
79502902140
79502920460
79502963970
79502981307
79503050911
79503082080
79503229902
79503388463
79503825627
79503842916
79503871752
79503903964
79503917517
79503936293
79503971633
79503978617
79504038540
79504047858
79504049035
79504063469
79504064941
79504137012
79504163612
79504195451
79504223813
79504299172
79504377429
79504423614
79504560235
79504585645
79504603623
79504715655
79504794791
79504822363
79504826525
79504860456
79504975750
79504976486
79504987342
79504990465
79505174364
79505242220
79505271837
79505307355
79505530721
79505541071
79505688147
79505700493
79505707922
79505711659
79505720833
79505740402
79505869258
79505992586
79506000706
79506032527
79506041274
79506078839
79506100244
79506124468
79506259400
79507100337
79507134164
79507167306
79507205897
79507219586
79507428034
79507502686
79507541787
79507564789
79507595346
79507709452
79507710532
79507828623
79507858932
79507956216
79507969144
79508007557
79508153037
79508188723
79508264526
79508293206
79508297555
79508319544
79508554585
79508581054
79508943289
79508945640
79509006505
79509050324
79509072377
79509104959
79509127677
79509210840
79509556255
79509822378
79509826360
79509844012
79509888664
79510355623
79510386068
79510594234
79510607663
79510652022
79510751632
79510785691
79510866348
79510934026
79510983813
79511118327
79511219176
79511372194
79511519626
79511528858
79511687522
79511714305
79511714495
79511783106
79511819336
79511838401
79511852587
79511947595
79511958573
79512060656
79512088670
79512108039
79512193254
79512194247
79512406112
79512541742
79512581283
79512662625
79512666525
79512778531
79512994357
79513005656
79513078422
79513086380
79513115895
79513174716
79513211826
79513214460
79513281338
79513300046
79513438842
79513498231
79513513251
79513515941
79513572920
79513652297
79513737741
79513758860
79513825110
79513828835
79513896476
79514072966
79514266558
79514303736
79514506640
79514654328
79514846018
79514916455
79514951460
79514957621
79515096762
79515110209
79515163193
79515167015
79515217193
79515239019
79515330717
79515346809
79515405861
79515505014
79515599325
79515616084
79515617074
79515655175
79515778502
79515887596
79515938860
79516012138
79516017820
79516066023
79516301394
79516348094
79516446297
79516632357
79516708415
79516718620
79516722136
79516814548
79516844222
79516848046
79516874505
79516937467
79517156132
79517214057
79517223939
79517258747
79517380603
79517503796
79517605480
79517695118
79517828117
79518064425
79518187714
79518248659
79518253639
79518255178
79518305973
79518393796
79518537229
79518557412
79518595770
79518618866
79518631190
79518659651
79518703251
79518852267
79518898955
79518930606
79519054048
79519121685
79519150437
79519301056
79519326404
79519328364
79519400870
79519552527
79519569323
79519688527
79519804997
79519849221
79520003093
79520068880
79520078435
79520195619
79520220371
79520225877
79520228595
79520246950
79520741297
79520918855
79520925133
79521164222
79521216974
79521273325
79521434151
79521591364
79521646138
79521654853
79521704603
79521797037
79521800142
79521825359
79521837094
79521844980
79521948155
79521993625
79522063031
79522131987
79522167499
79522217198
79522280627
79522321111
79522323473
79522326073
79522326177
79522371648
79522397933
79522551244
79522645979
79522713260
79522792676
79522805939
79522818675
79523017919
79523104418
79523111057
79523222739
79523267516
79523349452
79523367841
79523422986
79523476462
79523485705
79523584065
79523621207
79523657031
79523683870
79523939221
79523954550
79523973683
79524029603
79524030289
79524295425
79524307890
79524335201
79524469533
79524477089
79524511741
79524540054
79524565067
79524763994
79524839494
79524908758
79525101330
79525136883
79525198839
79525296231
79525415825
79525417642
79525464817
79525498937
79525510654
79525519571
79525666239
79525702030
79525831528
79525880738
79525908982
79525989606
79526012888
79526142885
79526163622
79526163953
79526205830
79526212153
79526230628
79526251657
79526323947
79526347544
79526373738
79526550767
79526647104
79526657858
79526837961
79527062195
79527337030
79527596269
79527616390
79527665174
79527674464
79527732262
79527838468
79527856736
79527858347
79527866673
79527998443
79528062608
79528239430
79528251755
79528278036
79528338865
79528399787
79528566252
79528580835
79528625223
79528717435
79528745441
79528952032
79529022282
79529175797
79529191838
79529258963
79529331137
79529343851
79529562354
79529569397
79529577720
79529732479
79529867443
79529972101
79529988597
79530071432
79530131821
79530149950
79530285329
79530594051
79530699006
79530807713
79530880222
79530929297
79531023605
79531099404
79531109825
79531214306
79531243219
79531325881
79531336681
79531399305
79531638183
79531665996
79531707166
79531850292
79532327750
79532373221
79532404133
79532512246
79532525203
79532804459
79532832167
79532995033
79533019474
79533110399
79533131180
79533236422
79533285831
79533336809
79533392530
79533412866
79533436310
79533479224
79533520754
79533542094
79533554687
79533670109
79533681757
79533709395
79534140821
79534310364
79534347697
79534443888
79534488462
79534566311
79534641565
79534880487
79534881971
79534929598
79534930793
79535137029
79535228317
79535308123
79535337060
79535451107
79535452867
79535574634
79535600415
79535718345
79535747724
79535832530
79536181384
79536318651
79536373546
79536556759
79536587688
79536709634
79536710299
79536721434
79536759799
79536806098
79536821057
79536827225
79536848277
79536913440
79536918614
79536939224
79536945668
79537016954
79537037771
79537053272
79537124166
79537130544
79537185799
79537229484
79537300826
79537318200
79537408002
79537433727
79537452982
79537576906
79537579164
79537824925
79537986622
79538033430
79538147329
79538198193
79538302124
79538434924
79538516857
79538572023
79538573157
79538680144
79538765881
79538880548
79539104914
79539326187
79539357440
79539462158
79539469712
79539560707
79539586300
79539631750
79539680447
79539685561
79539692281
79539734701
79539735377
79539775051
79539957017
79539984064
79583917624
79583949586
79585004409
79585110157
79585114391
79586347233
79586376673
79586405896
79586405897
79586702222
79586805450
79601239880
79602172520
79603436284
79616167755
79616567247
79621384179
79623997666
79627799444
79629616138
79629783070
79634453166
79636515488
79636726737
79636847210
79637210384
79645163779
79646634756
79647672354
79651780857
79653773727
79653847558
79656073507
79656367610
79660160694
79678825074
79679875462
79683985282
79685967976
79686181000
79687738390
79691237245
79771015574
79771091481
79771169881
79771173130
79771191648
79771301867
79771321207
79771340288
79771371997
79771383711
79771408891
79771518809
79771577247
79771684796
79771685156
79771895341
79771920775
79771992613
79772513275
79772515655
79772618088
79772689892
79772703297
79772784597
79772834440
79772849380
79772872451
79772884010
79772885456
79772910155
79772912655
79772921270
79772924209
79772977338
79773022400
79773190170
79773202529
79773209045
79773315281
79773324484
79773335099
79773344204
79773354566
79773359020
79773367532
79773374420
79773391540
79773420136
79773505826
79773534291
79773589007
79773596062
79773598641
79773702192
79773735379
79773797719
79773986648
79774007295
79774010895
79774081295
79774091510
79774148090
79774214148
79774366004
79774405871
79774408895
79774453353
79774548485
79774605234
79774609588
79774668177
79774676076
79774689337
79774719791
79774780822
79774855130
79774869482
79774916199
79774933013
79774992399
79775105247
79775112508
79775113108
79775119212
79775142736
79775201547
79775240699
79775302575
79775323566
79775356266
79775436105
79775497017
79775515014
79775666397
79775707734
79775748566
79775926113
79776080018
79776126018
79776221784
79776281655
79776320370
79776432926
79776482308
79776502500
79776596325
79776622896
79776665963
79776755806
79776762647
79776783572
79776795615
79776856216
79776968017
79777085553
79777106566
79777107313
79777128682
79777224642
79777275723
79777289705
79777292887
79777345407
79777445123
79777525682
79777535966
79777621422
79777664810
79777677852
79777756651
79777824328
79777929644
79777988657
79778254036
79778274940
79778293778
79778294955
79778297812
79778305870
79778527922
79778626264
79778645624
79778675427
79778685446
79778690817
79778770000
79778771894
79778804082
79778835488
79778846229
79778847196
79778867443
79779237316
79779296071
79779391305
79779420354
79779445059
79779496125
79779498463
79779561814
79779592526
79779751755
79779796260
79779811204
79779815289
79806619220
79806708078
79807341797
79814576964
79817412401
79817606418
79817770010
79817881093
79818408720
79819151951
79822155122
79822355952
79825126902
79826003964
79826380013
79827657156
79833963525
79851228178
79851791371
79852912691
79853099393
79853369094
79855836447
79857105260
79859136318
79871243313
79878146518
79878837875
79897089332
79911877989
79912397951
79912473660
79912795797
79912849602
79912998012
79916277565
79916942421
79917025423
79917082218
79917099055
79917468068
79917477831
79917515081
79917541119
79918720696
79919284285
79919368154
79919416840
79919782866
79919840922
79920075610
79920103982
79920107247
79920128059
79920159411
79920192751
79920196167
79920199979
79920270801
79922074768
79922214845
79922234784
79922388888
79922966476
79923011453
79923119240
79923356912
79923411246
79923427439
79923446612
79924029888
79924072269
79924263556
79925196201
79930042598
79930043746
79930181116
79930196047
79930290477
79940056019
79940059552
79940160042
79940224808
79941014287
79941051638
79944044854
79944061360
79944195275
79944360565
79951181999
79951863483
79951868135
79951874497
79952035678
79954042185
79954064802
79954094186
79954176572
79960043298
79960076913
79960079873
79960106324
79961611056
79961734535
79961779202
79961859323
79961891562
79962003739
79963412780
79967095792
79967265406
79967331577
79967353613
79967388626
79967401708
79967657533
79967828780
79967840312
79968070494
79968076307
79969190102
79969194260
79991001769
79992006895
79992608673
79995826884
79997000555
79997754916
79997900799
79998819869
79998850818
79998921512
79998958350
79998994011
79999042707
79999056692
79999064947
79999185061
79999198644
79999205770
79999239659
79999257033
79999266062
79999275481
79999292730
79999791841